# t u
 0.0000000000000000e+00 0.0000000000000000e+00
 1.0000000000000000e+00 7.8539816309275012e-01
 2.0000000000000000e+00 1.1071487168231009e+00
 3.0000000000000000e+00 1.2490457714560297e+00
 4.0000000000000000e+00 1.3258176625604148e+00
 5.0000000000000000e+00 1.3734007655577745e+00
 6.0000000000000000e+00 1.4056476473638386e+00
 7.0000000000000000e+00 1.4288992681829229e+00
 8.0000000000000000e+00 1.4464413277079933e+00
 9.0000000000000000e+00 1.4601390944744750e+00
 1.0000000000000000e+01 1.4711276413486425e+00
